304.15,85.69,3.51,81.98,-2.47,-3.72
305.15,85.67,3.53,81.95,-2.47,-3.72
305.15,85.69,3.53,81.95,-2.43,-3.73
307.16,85.69,3.52,81.95,-2.43,-3.73
307.16,85.69,3.52,81.95,-2.43,-3.73
309.16,85.70,3.51,81.97,-2.43,-3.73
309.16,85.71,3.51,81.97,-2.44,-3.74
311.16,85.75,3.46,82.01,-2.44,-3.74
312.17,85.75,3.46,82.02,-2.44,-3.74
312.17,85.74,3.46,82.02,-2.43,-3.73
314.18,85.70,3.49,81.97,-2.43,-3.73
314.18,85.71,3.49,81.97,-2.39,-3.74
314.18,85.72,3.49,81.97,-2.35,-3.75
317.18,85.68,3.54,81.94,-2.35,-3.75
317.18,85.68,3.54,81.94,-2.37,-3.74
319.19,85.68,3.52,81.94,-2.37,-3.74
320.19,85.67,3.48,81.93,-2.37,-3.74
320.19,85.74,3.48,81.93,-2.38,-3.81
322.19,85.74,3.48,81.93,-2.38,-3.81
322.19,85.74,3.48,81.93,-2.38,-3.81
324.20,85.81,3.48,81.99,-2.38,-3.81
324.20,85.76,3.48,81.99,-2.46,-3.77
326.20,85.72,3.47,81.96,-2.46,-3.77
326.20,85.75,3.47,81.96,-2.39,-3.80
328.21,85.74,3.49,81.94,-2.39,-3.80
328.21,85.74,3.49,81.94,-2.40,-3.80
330.22,85.73,3.52,81.93,-2.40,-3.80
330.22,85.72,3.52,81.93,-2.41,-3.79
332.22,85.72,3.52,81.93,-2.41,-3.79
332.22,85.72,3.52,81.93,-2.41,-3.79
334.23,85.70,3.55,81.91,-2.41,-3.79
335.23,85.69,3.56,81.90,-2.41,-3.79
335.23,85.67,3.56,81.90,-2.41,-3.76
337.24,85.67,3.56,81.90,-2.41,-3.76
338.24,85.74,3.50,81.97,-2.41,-3.76
338.24,85.71,3.50,81.97,-2.44,-3.74
340.25,85.85,3.36,82.12,-2.44,-3.74
340.25,85.88,3.36,82.12,-2.48,-3.76
342.25,85.94,3.28,82.18,-2.48,-3.76
342.25,85.93,3.28,82.18,-2.51,-3.75
344.25,85.93,3.28,82.18,-2.51,-3.75
345.25,85.99,3.21,82.24,-2.51,-3.75
345.25,85.98,3.21,82.24,-2.54,-3.75
347.26,85.98,3.21,82.24,-2.54,-3.75
348.26,86.06,3.12,82.31,-2.54,-3.75
348.26,86.05,3.12,82.31,-2.57,-3.74
350.26,86.05,3.12,82.31,-2.57,-3.74
351.27,86.08,3.07,82.35,-2.57,-3.74
351.27,86.10,3.07,82.35,-2.56,-3.75
353.28,86.12,2.97,82.36,-2.56,-3.75
353.28,86.20,2.97,82.36,-2.58,-3.83
355.28,86.20,2.97,82.36,-2.58,-3.83
356.29,74.17,-1.67,70.34,-2.58,-3.83
356.29,75.59,-1.67,70.34,-5.91,-5.25
358.29,75.59,-1.67,70.34,-5.91,-5.25
359.29,53.64,-9.90,48.38,-5.91,-5.25
359.29,55.49,-9.90,48.38,-10.12,-7.10
361.30,55.49,-9.90,48.38,-10.12,-7.10
362.30,72.35,-6.55,65.25,-10.12,-7.10
362.30,70.96,-6.55,65.25,-10.92,-5.71
364.30,80.06,-4.53,74.35,-10.92,-5.71
364.30,78.95,-4.53,74.35,-10.46,-4.60
364.30,78.57,-4.53,74.35,-10.26,-4.22
367.31,82.18,-3.68,77.96,-10.26,-4.22
368.31,84.35,-3.20,80.13,-10.26,-4.22
368.31,83.99,-3.20,80.13,-9.91,-3.86
370.31,85.67,-2.77,81.81,-9.91,-3.86
370.31,85.46,-2.77,81.81,-9.59,-3.65
372.32,85.46,-2.77,81.81,-9.59,-3.65
372.32,85.46,-2.77,81.81,-9.59,-3.65
374.32,84.03,-2.82,80.38,-9.59,-3.65
374.32,84.92,-2.82,80.38,-9.49,-4.54
376.32,44.49,-12.44,39.95,-9.49,-4.54
376.32,47.62,-12.44,39.95,-9.61,-7.67
378.33,36.16,-14.66,28.49,-9.61,-7.67
378.33,37.67,-14.66,28.49,-8.92,-9.18
380.33,29.92,-16.24,20.74,-8.92,-9.18
380.33,31.21,-16.24,20.74,-8.58,-10.47
382.33,27.38,-16.66,16.91,-8.58,-10.47
382.33,28.71,-16.66,16.91,-7.74,-11.80
384.34,28.13,-17.09,16.33,-7.74,-11.80
384.34,28.98,-17.09,16.33,-8.23,-12.65
386.34,27.63,-18.77,14.97,-8.23,-12.65
386.34,28.50,-18.77,14.97,-9.42,-13.52
388.34,26.03,-19.92,12.51,-9.42,-13.52
388.34,27.41,-19.92,12.51,-10.02,-14.91
390.35,25.90,-20.15,10.99,-10.02,-14.91
390.35,24.33,-20.15,10.99,-9.46,-13.34
392.35,23.92,-20.27,10.58,-9.46,-13.34
392.35,22.04,-20.27,10.58,-9.08,-11.46
394.35,22.04,-20.27,10.58,-9.08,-11.46
395.36,21.32,-20.82,9.86,-9.08,-11.46
395.36,20.65,-20.82,9.86,-9.40,-10.79
395.36,21.33,-20.82,9.86,-10.58,-11.47
398.36,19.81,-21.86,8.34,-10.58,-11.47
398.36,19.81,-21.86,8.34,-10.58,-11.47
400.37,19.66,-22.48,8.19,-10.58,-11.47
400.37,19.10,-22.48,8.19,-11.18,-10.92
402.37,19.10,-22.48,8.19,-11.18,-10.92
403.37,21.87,-20.62,10.95,-11.18,-10.92
403.37,24.77,-20.62,10.95,-10.09,-13.82
405.37,24.77,-20.62,10.95,-10.09,-13.82
405.37,24.77,-20.62,10.95,-10.09,-13.82
407.37,25.50,-21.86,11.68,-10.09,-13.82
407.37,23.66,-21.86,11.68,-12.35,-11.99
409.38,23.66,-21.86,11.68,-12.35,-11.99
409.38,28.39,-21.86,11.68,-12.85,-16.71
411.39,27.26,-23.67,10.55,-12.85,-16.71
412.39,31.95,-22.96,15.24,-12.85,-16.71
412.39,31.85,-22.96,15.24,-12.64,-16.61
414.39,34.15,-22.15,17.54,-12.64,-16.61
415.39,43.92,-19.06,27.31,-12.64,-16.61
415.39,42.62,-19.06,27.31,-12.39,-15.31
417.40,42.62,-19.06,27.31,-12.39,-15.31
418.40,66.94,-14.43,51.63,-12.39,-15.31
418.40,62.25,-14.43,51.63,-10.97,-10.61
420.40,62.25,-14.43,51.63,-10.97,-10.61
420.40,62.25,-14.43,51.63,-10.97,-10.61
422.41,76.10,-11.30,65.49,-10.97,-10.61
422.41,73.14,-11.30,65.49,-9.47,-7.65
424.41,73.14,-11.30,65.49,-9.47,-7.65
424.41,73.14,-11.30,65.49,-9.47,-7.65
426.41,82.68,-8.73,75.03,-9.47,-7.65
426.41,80.24,-8.73,75.03,-7.49,-5.21
426.41,79.36,-8.73,75.03,-6.73,-4.33
429.42,83.48,-7.40,79.15,-6.73,-4.33
429.42,83.48,-7.40,79.15,-6.73,-4.33
431.42,84.79,-6.75,80.46,-6.73,-4.33
431.42,84.48,-6.75,80.46,-6.22,-4.02
433.42,84.48,-6.75,80.46,-6.22,-4.02
434.43,85.69,-6.14,81.67,-6.22,-4.02
434.43,85.40,-6.14,81.67,-5.75,-3.73
436.43,85.40,-6.14,81.67,-5.75,-3.73
437.57,86.45,-5.52,82.72,-5.75,-3.73
437.57,86.23,-5.52,82.72,-5.28,-3.51
439.57,86.32,-5.45,82.81,-5.28,-3.51
439.57,86.30,-5.45,82.81,-5.22,-3.49
441.58,86.37,-5.39,82.88,-5.22,-3.49
441.58,86.37,-5.39,82.88,-5.17,-3.48
443.58,86.46,-5.30,82.98,-5.17,-3.48
443.58,86.46,-5.30,82.98,-5.10,-3.48
445.59,86.54,-5.23,83.05,-5.10,-3.48
445.59,86.53,-5.23,83.05,-5.04,-3.48
447.59,86.53,-5.23,83.05,-5.04,-3.48
448.59,86.58,-5.18,83.11,-5.04,-3.48
448.59,86.55,-5.18,83.11,-5.03,-3.45
450.59,86.59,-5.11,83.14,-5.03,-3.45
451.60,86.62,-5.07,83.17,-5.03,-3.45
451.60,86.62,-5.07,83.17,-4.92,-3.45
451.60,86.61,-5.07,83.17,-4.91,-3.44
454.60,86.64,-5.04,83.19,-4.91,-3.44
455.60,86.64,-5.03,83.19,-4.91,-3.44
455.60,86.64,-5.03,83.19,-4.89,-3.44
457.61,86.64,-4.98,83.19,-4.89,-3.44
457.61,86.64,-4.98,83.19,-4.84,-3.45
459.61,86.64,-4.98,83.19,-4.84,-3.45
460.61,86.65,-4.91,83.20,-4.84,-3.45
460.61,86.66,-4.91,83.20,-4.80,-3.46
462.62,86.68,-4.76,83.22,-4.80,-3.46
462.62,86.68,-4.76,83.22,-4.74,-3.46
464.62,86.68,-4.76,83.22,-4.74,-3.46
465.62,86.74,-4.49,83.27,-4.74,-3.46
465.62,86.74,-4.49,83.27,-4.59,-3.47
467.62,86.81,-4.29,83.35,-4.59,-3.47
467.62,86.85,-4.29,83.35,-4.49,-3.50
467.62,86.82,-4.29,83.35,-4.39,-3.47
470.63,86.88,-4.18,83.40,-4.39,-3.47
471.63,86.86,-4.17,83.39,-4.39,-3.47
471.63,86.88,-4.17,83.39,-4.36,-3.48
473.63,86.87,-4.13,83.39,-4.36,-3.48
473.63,86.87,-4.13,83.39,-4.27,-3.48
475.64,86.87,-4.13,83.39,-4.27,-3.48
475.64,86.87,-4.13,83.39,-4.27,-3.48
477.64,86.89,-4.05,83.42,-4.27,-3.48
477.64,86.85,-4.05,83.42,-4.14,-3.43
479.64,86.85,-4.05,83.42,-4.14,-3.43
480.65,86.86,-4.02,83.43,-4.14,-3.43
480.65,86.84,-4.02,83.43,-4.07,-3.41
482.65,86.84,-4.02,83.43,-4.07,-3.41
483.65,86.84,-4.02,83.43,-4.07,-3.41
484.65,86.83,-4.00,83.42,-4.07,-3.41
484.65,86.83,-4.00,83.42,-4.04,-3.42
